741	1356824124
741	1356824727
741	1356825328
741	1356825930
742	1356826527
741	1356827121
741	1356827727
744	1356828329
744	1356828927
745	1356829523
744	1356830126
745	1356830723
745	1356831325
745	1356831928
745	1356832522
746	1356833123
745	1356833724
746	1356834326
749	1356834927
748	1356835522
748	1356836129
746	1356836723
746	1356837324
746	1356837929
746	1356838523
746	1356839124
747	1356839727
747	1356840326
747	1356840923
747	1356841522
747	1356842125
747	1356842723
746	1356843330
747	1356843931
747	1356844526
747	1356845122
722	1356845723
644	1356846329
494	1356846925
431	1356847526
414	1356848130
385	1356848722
382	1356849330
386	1356849931
386	1356850528
386	1356851123
386	1356851724
383	1356852326
377	1356852930
376	1356853531
368	1356854129
368	1356854722
369	1356855331
372	1356855927
371	1356856525
372	1356857124
366	1356857728
366	1356858323
366	1356858931
366	1356859531
366	1356860130
366	1356860722
367	1356861325
367	1356861929
366	1356862529
366	1356863125
366	1356863724
367	1356864330
366	1356864929
367	1356865523
366	1356866123
366	1356866722
367	1356867327
366	1356867924
367	1356868522
366	1356869128
367	1356869730
366	1356870330
367	1356870927
367	1356871528
368	1356872132
400	1356872729
399	1356873324
399	1356873925
399	1356874528
399	1356875128
399	1356875724
399	1356876332
399	1356876925
399	1356877531
399	1356878128
399	1356878731
399	1356879326
400	1356879927
399	1356880531
399	1356881132
399	1356881730
399	1356882327
399	1356882925
399	1356883530
399	1356884132
398	1356884732
398	1356885324
398	1356885933
398	1356886530
399	1356887129
398	1356887724
398	1356888328
399	1356888925
398	1356889527
398	1356890124
398	1356890724
398	1356891324
399	1356891928
399	1356892527
398	1356893128
398	1356893729
399	1356894325
395	1356894931
396	1356895528
755	1356896127
757	1356896724
758	1356897326
758	1356897930
758	1356898526
758	1356899124
758	1356899727
758	1356900331
758	1356900930
758	1356901530
758	1356902129
758	1356902726
758	1356903329
758	1356903929
761	1356904533
761	1356905131
849	1356905729
849	1356906330
849	1356906933
849	1356907533
853	1356908133
839	1356908733
835	1356909327
837	1356909927
837	1356910526
837	1356911126
837	1356911728
836	1356912334
834	1356912933
834	1356913526
834	1356914126
734	1356914733
734	1356915328
734	1356915929
734	1356916526
734	1356917127
734	1356917734
734	1356918334
738	1356918928
738	1356919533
736	1356920134
734	1356920730
733	1356921331
734	1356921932
734	1356922529
734	1356923133
733	1356923726
734	1356924335
735	1356924933
735	1356925532
734	1356926130
734	1356926731
734	1356927332
733	1356927933
733	1356928526
734	1356929127
734	1356929731
735	1356930327
734	1356930928
734	1356931526
735	1356932128
731	1356932729
567	1356933329
474	1356933934
474	1356934534
464	1356935135
464	1356935734
464	1356936327
464	1356936929
464	1356937529
464	1356938129
464	1356938736
464	1356939332
464	1356939926
464	1356940527
464	1356941127
464	1356941729
464	1356942327
464	1356942936
464	1356943535
464	1356944128
464	1356944732
464	1356945332
464	1356945933
464	1356946533
464	1356947131
464	1356947733
464	1356948328
464	1356948930
464	1356949532
464	1356950128
464	1356950732
464	1356951328
465	1356951928
464	1356952527
464	1356953129
464	1356953732
464	1356954336
464	1356954935
464	1356955528
433	1356956133
433	1356956736
433	1356957331
434	1356957933
434	1356958533
439	1356959130
438	1356959732
439	1356960331
439	1356960935
439	1356961530
439	1356962135
439	1356962737
439	1356963330
439	1356963937
439	1356964532
439	1356965130
439	1356965728
440	1356966329
439	1356966930
439	1356967529
439	1356968136
439	1356968729
439	1356969335
439	1356969930
419	1356970528
418	1356971129
419	1356971734
419	1356972333
419	1356972938
419	1356973535
419	1356974128
419	1356974736
419	1356975336
422	1356975931
422	1356976534
422	1356977131
419	1356977735
419	1356978328
754	1356978933
754	1356979530
765	1356980133
766	1356980731
728	1356981337
728	1356981933
728	1356982537
728	1356983131
728	1356983734
728	1356984333
728	1356984938
728	1356985530
728	1356986132
728	1356986731
728	1356987330
728	1356987929
728	1356988537
728	1356989132
728	1356989732
728	1356990332
728	1356990933
728	1356991536
728	1356992137
728	1356992734
728	1356993330
728	1356993937
728	1356994535
728	1356995132
728	1356995736
728	1356996330
728	1356996930
728	1356997536
728	1356998135
728	1356998730
728	1356999332
728	1356999930
728	1357000537
728	1357001135
728	1357001734
728	1357002331
728	1357002936
728	1357003539
728	1357004138
728	1357004731
728	1357005338
728	1357005930
728	1357006535
728	1357007139
728	1357007734
728	1357008330
728	1357008934
728	1357009534
728	1357010131
728	1357010731
728	1357011336
728	1357011934
728	1357012537
728	1357013134
728	1357013736
728	1357014332
728	1357014934
728	1357015531
728	1357016131
729	1357016739
728	1357017333
728	1357017938
729	1357018538
719	1357019139
513	1357019732
431	1357020331
430	1357020940
422	1357021538
422	1357022132
422	1357022740
422	1357023336
422	1357023938
422	1357024539
422	1357025131
422	1357025731
422	1357026340
422	1357026933
422	1357027533
422	1357028138
422	1357028739
422	1357029332
422	1357029933
422	1357030536
422	1357031140
422	1357031731
422	1357032341
422	1357032940
422	1357033535
422	1357034131
422	1357034736
422	1357035340
422	1357035935
422	1357036538
422	1357037136
422	1357037734
422	1357038338
422	1357038935
422	1357039536
422	1357040139
422	1357040740
422	1357041339
422	1357041937
408	1357042538
407	1357043140
407	1357043737
421	1357044333
421	1357044937
421	1357045533
421	1357046139
421	1357046733
421	1357047339
421	1357047933
421	1357048537
421	1357049141
421	1357049736
421	1357050335
421	1357050935
421	1357051535
421	1357052139
422	1357052735
421	1357053341
421	1357053933
421	1357054541
421	1357055140
421	1357055736
421	1357056333
409	1357056937
410	1357057539
409	1357058139
409	1357058736
410	1357059342
410	1357059933
409	1357060536
409	1357061141
758	1357061734
758	1357062341
758	1357062935
758	1357063540
758	1357064137
758	1357064735
758	1357065341
758	1357065937
758	1357066533
759	1357067134
718	1357067734
718	1357068342
718	1357068941
808	1357069534
841	1357070142
841	1357070737
842	1357071337
842	1357071935
842	1357072541
842	1357073141
842	1357073736
842	1357074343
842	1357074939
845	1357075542
845	1357076141
845	1357076743
845	1357077335
845	1357077943
845	1357078542
848	1357079136
716	1357079739
713	1357080343
713	1357080943
714	1357081541
717	1357082136
716	1357082737
716	1357083344
713	1357083935
713	1357084543
713	1357085140
713	1357085742
713	1357086341
713	1357086943
716	1357087535
716	1357088142
716	1357088739
717	1357089336
717	1357089940
716	1357090538
714	1357091136
713	1357091736
714	1357092342
714	1357092936
714	1357093538
714	1357094139
714	1357094735
714	1357095335
718	1357095936
718	1357096539
716	1357097143
713	1357097744
713	1357098338
709	1357098936
714	1357099535
718	1357100142
723	1357100744
723	1357101343
719	1357101940
719	1357102540
718	1357103139
719	1357103736
719	1357104341
726	1357104935
648	1357105539
504	1357106140
411	1357106735
414	1357107341
408	1357107945
409	1357108545
405	1357109144
405	1357109744
407	1357110335
400	1357110942
400	1357111541
400	1357112138
400	1357112740
400	1357113336
400	1357113937
400	1357114544
400	1357115136
400	1357115739
400	1357116336
400	1357116938
400	1357117541
400	1357118138
400	1357118740
400	1357119338
400	1357119936
400	1357120541
400	1357121145
400	1357121743
399	1357122337
400	1357122943
400	1357123545
400	1357124138
400	1357124745
400	1357125343
400	1357125937
400	1357126545
400	1357127145
400	1357127744
400	1357128342
395	1357128943
394	1357129537
395	1357130138
396	1357130740
396	1357131343
412	1357131940
412	1357132537
417	1357133146
417	1357133745
417	1357134343
417	1357134941
419	1357135544
419	1357136142
420	1357136743
420	1357137343
420	1357137944
420	1357138544
421	1357139139
502	1357139744
521	1357140347
521	1357140945
521	1357141537
521	1357142145
522	1357142737
420	1357143344
416	1357143943
773	1357144541
775	1357145143
775	1357145744
903	1357146343
902	1357146945
902	1357147544
902	1357148142
902	1357148741
902	1357149345
902	1357149945
902	1357150544
906	1357151144
906	1357151740
906	1357152340
906	1357152945
906	1357153545
871	1357154145
874	1357154741
875	1357155342
875	1357155942
875	1357156539
877	1357157146
742	1357157745
742	1357158343
741	1357158942
738	1357159546
735	1357160142
735	1357160743
735	1357161340
735	1357161943
736	1357162546
739	1357163143
739	1357163743
739	1357164339
739	1357164945
739	1357165540
739	1357166145
739	1357166741
738	1357167346
736	1357167939
737	1357168547
737	1357169142
737	1357169746
737	1357170341
737	1357170939
737	1357171539
737	1357172146
737	1357172740
728	1357173342
728	1357173944
728	1357174543
728	1357175148
728	1357175748
728	1357176347
726	1357176944
722	1357177545
722	1357178147
722	1357178743
722	1357179339
722	1357179939
722	1357180547
722	1357181140
722	1357181740
722	1357182342
722	1357182949
722	1357183539
722	1357184144
722	1357184742
723	1357185343
723	1357185943
723	1357186543
722	1357187141
722	1357187744
722	1357188345
722	1357188949
723	1357189543
722	1357190147
722	1357190749
724	1357191345
650	1357191941
516	1357192543
411	1357193145
400	1357193749
399	1357194348
399	1357194949
397	1357195546
397	1357196141
397	1357196746
397	1357197340
397	1357197948
397	1357198542
397	1357199145
397	1357199740
397	1357200344
397	1357200949
397	1357201549
397	1357202144
397	1357202742
397	1357203350
397	1357203949
397	1357204544
397	1357205145
397	1357205741
397	1357206340
397	1357206945
397	1357207547
399	1357208141
397	1357208743
397	1357209346
397	1357209942
397	1357210550
398	1357211150
397	1357211743
397	1357212348
397	1357212941
397	1357213549
396	1357214143
397	1357214743
397	1357215348
396	1357215945
397	1357216551
414	1357217150
414	1357217745
413	1357218350
413	1357218942
413	1357219543
413	1357220145
413	1357220745
413	1357221342
413	1357221942
413	1357222547
417	1357223147
419	1357223741
418	1357224345
419	1357224947
419	1357225546
418	1357226149
419	1357226743
767	1357227349
769	1357227947
769	1357228543
784	1357229145
760	1357229745
760	1357230343
759	1357230949
759	1357231550
758	1357232145
759	1357232749
760	1357233352
759	1357233949
762	1357234550
759	1357235144
759	1357235747
759	1357236344
759	1357236947
759	1357237548
759	1357238147
762	1357238747
762	1357239349
763	1357239948
735	1357240552
735	1357241151
818	1357241751
813	1357242351
814	1357242948
814	1357243543
814	1357244152
815	1357244747
810	1357245344
811	1357245952
711	1357246548
803	1357247150
804	1357247744
711	1357248348
711	1357248950
713	1357249552
715	1357250144
715	1357250750
716	1357251345
716	1357251947
716	1357252545
716	1357253148
716	1357253744
716	1357254347
713	1357254953
713	1357255551
712	1357256147
713	1357256752
713	1357257347
808	1357257953
808	1357258544
803	1357259145
805	1357259745
805	1357260353
805	1357260944
797	1357261551
796	1357262153
797	1357262746
700	1357263344
700	1357263951
701	1357264550
704	1357265147
704	1357265746
704	1357266351
705	1357266948
704	1357267549
704	1357268146
704	1357268752
704	1357269345
704	1357269952
704	1357270545
708	1357271153
708	1357271751
708	1357272350
708	1357272948
707	1357273551
704	1357274149
704	1357274745
704	1357275353
705	1357275947
704	1357276552
704	1357277147
706	1357277745
618	1357278346
503	1357278952
404	1357279546
388	1357280148
386	1357280750
389	1357281345
387	1357281952
387	1357282553
387	1357283146
383	1357283752
383	1357284346
383	1357284950
383	1357285547
383	1357286154
383	1357286746
383	1357287346
383	1357287952
383	1357288546
383	1357289152
383	1357289754
383	1357290347
383	1357290951
383	1357291554
383	1357292153
384	1357292747
383	1357293345
384	1357293951
383	1357294553
383	1357295154
383	1357295754
383	1357296347
383	1357296952
384	1357297549
384	1357298147
383	1357298747
383	1357299352
383	1357299951
383	1357300551
383	1357301152
383	1357301753
383	1357302353
383	1357302948
384	1357303551
434	1357304151
434	1357304750
434	1357305353
434	1357305956
434	1357306555
434	1357307149
438	1357307747
438	1357308348
438	1357308950
438	1357309548
774	1357310155
774	1357310750
871	1357311353
871	1357311947
870	1357312549
871	1357313149
870	1357313753
877	1357314354
878	1357314951
878	1357315556
852	1357316153
851	1357316747
853	1357317351
860	1357317948
860	1357318552
860	1357319153
860	1357319749
860	1357320353
860	1357320947
860	1357321548
746	1357322153
746	1357322756
746	1357323354
746	1357323949
745	1357324555
745	1357325149
839	1357325748
840	1357326349
789	1357326956
790	1357327548
789	1357328153
789	1357328749
790	1357329350
693	1357329950
693	1357330555
693	1357331149
696	1357331750
697	1357332352
696	1357332952
693	1357333552
693	1357334153
693	1357334750
693	1357335348
693	1357335952
686	1357336548
688	1357337148
688	1357337749
687	1357338356
688	1357338954
687	1357339557
688	1357340157
689	1357340754
686	1357341355
685	1357341951
686	1357342550
686	1357343151
685	1357343752
685	1357344351
685	1357344956
685	1357345548
685	1357346155
685	1357346749
685	1357347349
685	1357347957
685	1357348549
685	1357349151
686	1357349749
685	1357350354
685	1357350952
685	1357351554
685	1357352157
685	1357352752
685	1357353356
685	1357353957
685	1357354549
685	1357355157
685	1357355757
685	1357356357
685	1357356953
685	1357357557
685	1357358150
685	1357358755
685	1357359351
685	1357359950
685	1357360559
685	1357361155
685	1357361754
686	1357362353
685	1357362958
685	1357363554
687	1357364154
619	1357364749
528	1357365355
414	1357365951
392	1357366553
392	1357367153
389	1357367755
389	1357368354
388	1357368951
388	1357369556
388	1357370153
388	1357370751
388	1357371355
388	1357371958
388	1357372555
388	1357373152
388	1357373751
388	1357374350
388	1357374955
388	1357375556
388	1357376152
388	1357376754
388	1357377354
388	1357377958
389	1357378556
388	1357379153
389	1357379758
388	1357380360
389	1357380957
389	1357381555
388	1357382152
388	1357382751
388	1357383350
389	1357383953
388	1357384556
388	1357385159
389	1357385751
388	1357386352
388	1357386960
388	1357387559
385	1357388157
385	1357388755
385	1357389351
386	1357389953
386	1357390556
386	1357391158
412	1357391756
412	1357392351
766	1357392958
766	1357393553
766	1357394153
766	1357394760
766	1357395354
766	1357395956
766	1357396560
766	1357397158
766	1357397751
767	1357398355
765	1357398958
765	1357399558
765	1357400159
765	1357400754
765	1357401358
765	1357401951
738	1357402556
737	1357403155
827	1357403757
827	1357404353
827	1357404959
828	1357405556
833	1357406154
828	1357406758
828	1357407360
828	1357407954
828	1357408560
828	1357409153
828	1357409757
828	1357410352
828	1357410959
828	1357411552
828	1357412155
829	1357412761
667	1357413353
667	1357413956
667	1357414554
667	1357415158
667	1357415760
667	1357416353
667	1357416959
667	1357417556
667	1357418160
667	1357418760
673	1357419353
667	1357419958
667	1357420554
667	1357421158
667	1357421758
667	1357422357
667	1357422953
667	1357423555
670	1357424153
670	1357424761
670	1357425360
670	1357425962
670	1357426557
670	1357427155
670	1357427757
673	1357428355
674	1357428958
674	1357429562
676	1357430155
674	1357430756
674	1357431359
674	1357431960
670	1357432555
670	1357433161
678	1357433760
670	1357434356
667	1357434960
667	1357435556
667	1357436156
667	1357436758
667	1357437361
667	1357437954
667	1357438561
667	1357439155
667	1357439762
667	1357440357
667	1357440960
667	1357441557
667	1357442159
667	1357442761
667	1357443362
667	1357443963
667	1357444554
667	1357445159
667	1357445756
667	1357446360
667	1357446956
667	1357447559
667	1357448156
669	1357448754
674	1357449363
674	1357449957
560	1357450554
508	1357451154
423	1357451755
395	1357452364
387	1357452957
383	1357453557
382	1357454161
381	1357454760
379	1357455364
376	1357455957
376	1357456559
375	1357457162
376	1357457759
374	1357458360
374	1357458964
370	1357459564
373	1357460160
371	1357460757
370	1357461356
368	1357461962
368	1357462561
368	1357463164
368	1357463761
368	1357464359
368	1357464960
368	1357465564
368	1357466158
368	1357466763
368	1357467360
368	1357467963
368	1357468561
368	1357469162
368	1357469760
369	1357470364
368	1357470961
368	1357471563
368	1357472157
368	1357472761
368	1357473364
368	1357473957
368	1357474558
368	1357475163
754	1357475761
755	1357476357
772	1357476959
770	1357477558
769	1357478156
768	1357478762
768	1357479357
768	1357479957
768	1357480558
768	1357481163
768	1357481757
768	1357482356
768	1357482963
768	1357483557
768	1357484156
768	1357484758
768	1357485358
768	1357485960
768	1357486562
768	1357487164
768	1357487757
768	1357488360
736	1357488963
735	1357489561
737	1357490158
735	1357490759
824	1357491360
824	1357491962
824	1357492564
824	1357493165
824	1357493763
824	1357494364
824	1357494963
824	1357495560
824	1357496163
824	1357496761
824	1357497360
824	1357497962
820	1357498562
821	1357499164
775	1357499765
775	1357500361
775	1357500966
776	1357501559
776	1357502166
776	1357502760
776	1357503365
776	1357503958
777	1357504566
770	1357505158
770	1357505763
770	1357506362
770	1357506959
770	1357507563
770	1357508165
770	1357508761
770	1357509361
770	1357509964
770	1357510561
770	1357511161
770	1357511763
770	1357512361
770	1357512957
771	1357513564
769	1357514160
669	1357514758
669	1357515358
668	1357515960
665	1357516565
665	1357517163
665	1357517765
665	1357518360
665	1357518961
665	1357519566
665	1357520162
665	1357520766
665	1357521362
665	1357521961
665	1357522562
665	1357523158
665	1357523767
665	1357524365
665	1357524960
665	1357525568
665	1357526159
665	1357526763
665	1357527367
665	1357527966
665	1357528564
665	1357529158
665	1357529760
665	1357530359
665	1357530965
665	1357531560
665	1357532168
665	1357532761
665	1357533362
665	1357533959
665	1357534564
666	1357535158
665	1357535767
665	1357536360
667	1357536960
615	1357537561
479	1357538163
432	1357538760
426	1357539361
423	1357539966
423	1357540562
424	1357541163
424	1357541766
423	1357542366
423	1357542964
423	1357543561
423	1357544159
423	1357544762
423	1357545365
423	1357545963
423	1357546569
423	1357547167
423	1357547759
423	1357548361
423	1357548968
423	1357549560
423	1357550165
423	1357550767
423	1357551364
423	1357551959
423	1357552562
423	1357553167
423	1357553765
423	1357554367
423	1357554968
423	1357555568
423	1357556164
424	1357556762
423	1357557364
423	1357557968
758	1357558560
758	1357559168
758	1357559762
758	1357560365
740	1357560965
740	1357561561
740	1357562167
736	1357562765
736	1357563360
736	1357563966
735	1357564567
735	1357565165
735	1357565769
735	1357566361
735	1357566965
744	1357567567
743	1357568169
743	1357568769
743	1357569366
669	1357569967
546	1357570567
486	1357571160
451	1357571761
420	1357572362
396	1357572961
394	1357573566
390	1357574160
389	1357574769
367	1357575361
367	1357575964
368	1357576569
368	1357577169
368	1357577762
368	1357578367
369	1357578961
370	1357579563
369	1357580168
369	1357580770
368	1357581370
369	1357581962
369	1357582563
369	1357583169
368	1357583766
370	1357584364
369	1357584962
370	1357585565
369	1357586167
369	1357586771
369	1357587364
369	1357587966
369	1357588567
374	1357589167
373	1357589764
372	1357590366
372	1357590962
372	1357591565
370	1357592170
371	1357592769
371	1357593367
369	1357593962
372	1357594569
372	1357595167
371	1357595762
371	1357596366
371	1357596965
371	1357597570
370	1357598168
370	1357598765
372	1357599371
372	1357599965
371	1357600570
372	1357601165
371	1357601769
371	1357602364
371	1357602966
372	1357603566
371	1357604164
371	1357604767
370	1357605362
372	1357605963
372	1357606566
372	1357607171
364	1357607772
364	1357608370
364	1357608965
364	1357609571
364	1357610171
364	1357610765
364	1357611362
364	1357611967
364	1357612567
364	1357613166
364	1357613771
364	1357614363
364	1357614965
364	1357615563
364	1357616164
365	1357616768
365	1357617366
365	1357617967
365	1357618564
365	1357619165
365	1357619768
365	1357620372
365	1357620966
366	1357621567
370	1357622172
370	1357622770
372	1357623368
372	1357623967
373	1357624573
371	1357625171
370	1357625771
370	1357626372
370	1357626965
368	1357627565
368	1357628164
368	1357628771
368	1357629371
368	1357629973
368	1357630572
368	1357631165
368	1357631769
368	1357632373
368	1357632972
368	1357633571
368	1357634164
368	1357634764
368	1357635371
368	1357635965
368	1357636569
368	1357637170
368	1357637764
368	1357638368
368	1357638964
368	1357639568
378	1357640169
381	1357640773
767	1357641370
767	1357641970
767	1357642565
768	1357643170
767	1357643767
767	1357644368
767	1357644971
767	1357645572
767	1357646173
767	1357646767
737	1357647367
737	1357647970
737	1357648572
735	1357649168
735	1357649771
735	1357650369
727	1357650970
727	1357651566
727	1357652172
727	1357652771
729	1357653371
729	1357653968
729	1357654574
729	1357655173
563	1357655773
420	1357656372
402	1357656972
403	1357657569
405	1357658167
405	1357658766
406	1357659373
406	1357659967
414	1357660572
415	1357661171
411	1357661768
411	1357662369
411	1357662967
411	1357663567
411	1357664166
410	1357664767
410	1357665373
410	1357665971
410	1357666572
411	1357667173
411	1357667771
411	1357668369
410	1357668973
410	1357669573
411	1357670174
411	1357670768
411	1357671371
399	1357671972
395	1357672574
394	1357673175
395	1357673773
395	1357674366
399	1357674975
399	1357675568
401	1357676176
402	1357676767
397	1357677366
399	1357677969
397	1357678573
400	1357679172
398	1357679774
398	1357680369
398	1357680968
398	1357681573
398	1357682168
432	1357682772
427	1357683367
429	1357683967
429	1357684570
429	1357685170
429	1357685772
430	1357686373
428	1357686969
428	1357687571
