2	1356823529
2	1356824124
2	1356824727
2	1356825328
2	1356825930
2	1356826527
2	1356827121
2	1356827727
3	1356828329
3	1356828927
3	1356829524
3	1356830126
3	1356830723
3	1356831325
3	1356831928
3	1356832522
3	1356833123
3	1356833724
3	1356834326
4	1356834927
4	1356835522
4	1356836129
3	1356836723
3	1356837324
3	1356837929
3	1356838523
3	1356839124
3	1356839727
3	1356840326
3	1356840923
3	1356841522
3	1356842125
3	1356842723
3	1356843330
3	1356843931
3	1356844526
3	1356845122
3	1356845723
3	1356846329
2	1356846925
2	1356847526
2	1356848130
2	1356848722
2	1356849330
3	1356849931
3	1356850528
3	1356851123
3	1356851725
3	1356852326
2	1356852930
2	1356853531
2	1356854129
2	1356854722
2	1356855331
2	1356855927
2	1356856525
2	1356857124
2	1356857728
2	1356858323
2	1356858931
2	1356859531
2	1356860130
2	1356860722
2	1356861325
2	1356861929
2	1356862529
2	1356863125
2	1356863724
2	1356864330
2	1356864929
2	1356865523
2	1356866123
2	1356866722
2	1356867327
2	1356867924
2	1356868522
2	1356869128
2	1356869730
2	1356870330
2	1356870927
2	1356871528
2	1356872132
2	1356872729
2	1356873324
2	1356873925
2	1356874528
2	1356875128
2	1356875724
2	1356876332
2	1356876925
2	1356877531
2	1356878128
2	1356878731
2	1356879326
2	1356879927
2	1356880531
2	1356881132
2	1356881730
2	1356882327
2	1356882925
2	1356883530
2	1356884132
2	1356884732
2	1356885324
2	1356885933
2	1356886530
2	1356887129
2	1356887724
2	1356888328
2	1356888925
2	1356889527
2	1356890124
2	1356890724
2	1356891324
2	1356891928
2	1356892527
2	1356893129
2	1356893729
2	1356894325
2	1356894931
2	1356895528
2	1356896127
3	1356896724
3	1356897326
3	1356897930
3	1356898526
3	1356899124
3	1356899727
3	1356900332
3	1356900930
3	1356901530
3	1356902129
3	1356902726
3	1356903329
3	1356903929
4	1356904533
4	1356905131
4	1356905729
4	1356906330
4	1356906933
4	1356907533
5	1356908133
5	1356908733
4	1356909327
4	1356909927
4	1356910526
4	1356911126
4	1356911728
4	1356912334
3	1356912933
3	1356913526
3	1356914126
2	1356914733
2	1356915328
2	1356915929
2	1356916526
2	1356917127
2	1356917734
2	1356918334
3	1356918928
3	1356919533
3	1356920134
2	1356920730
2	1356921331
2	1356921932
2	1356922529
2	1356923133
2	1356923726
2	1356924335
2	1356924933
2	1356925532
2	1356926130
2	1356926731
2	1356927332
2	1356927933
2	1356928526
2	1356929127
2	1356929731
2	1356930327
2	1356930929
2	1356931526
2	1356932128
2	1356932729
2	1356933329
2	1356933934
2	1356934534
2	1356935135
2	1356935734
2	1356936327
2	1356936929
2	1356937529
2	1356938129
2	1356938736
2	1356939332
2	1356939926
2	1356940527
2	1356941127
2	1356941729
2	1356942327
2	1356942936
2	1356943535
2	1356944128
2	1356944732
2	1356945332
2	1356945933
2	1356946533
2	1356947131
2	1356947733
2	1356948328
2	1356948930
2	1356949532
2	1356950129
2	1356950732
2	1356951328
2	1356951928
2	1356952527
2	1356953129
2	1356953732
2	1356954336
2	1356954935
2	1356955528
2	1356956133
2	1356956736
2	1356957331
2	1356957933
2	1356958533
2	1356959130
2	1356959732
2	1356960331
2	1356960935
2	1356961530
2	1356962135
2	1356962737
2	1356963330
2	1356963937
2	1356964532
2	1356965130
2	1356965728
2	1356966329
2	1356966930
2	1356967529
2	1356968136
2	1356968729
2	1356969335
2	1356969930
2	1356970528
2	1356971129
2	1356971734
2	1356972333
2	1356972938
2	1356973535
2	1356974128
2	1356974736
2	1356975336
3	1356975931
3	1356976534
3	1356977131
2	1356977735
2	1356978328
2	1356978933
2	1356979530
2	1356980133
2	1356980731
2	1356981337
2	1356981933
2	1356982537
2	1356983131
2	1356983734
2	1356984333
2	1356984938
2	1356985530
2	1356986132
2	1356986731
2	1356987330
2	1356987929
2	1356988537
2	1356989132
2	1356989732
2	1356990332
2	1356990933
2	1356991536
2	1356992137
2	1356992734
2	1356993330
2	1356993937
2	1356994535
2	1356995132
2	1356995736
2	1356996330
2	1356996930
2	1356997536
2	1356998135
2	1356998730
2	1356999332
2	1356999930
2	1357000537
2	1357001135
2	1357001734
2	1357002331
2	1357002936
2	1357003539
2	1357004138
2	1357004731
2	1357005338
2	1357005930
2	1357006535
2	1357007139
2	1357007734
2	1357008330
2	1357008934
2	1357009534
2	1357010131
2	1357010731
2	1357011336
2	1357011934
2	1357012537
2	1357013134
2	1357013736
2	1357014332
2	1357014934
2	1357015531
2	1357016131
2	1357016739
2	1357017333
2	1357017938
2	1357018538
2	1357019139
2	1357019732
2	1357020331
2	1357020940
2	1357021538
2	1357022132
2	1357022740
2	1357023336
2	1357023938
2	1357024539
2	1357025131
2	1357025731
2	1357026340
2	1357026933
2	1357027533
2	1357028138
2	1357028739
2	1357029332
2	1357029933
2	1357030536
2	1357031140
2	1357031731
2	1357032341
2	1357032940
2	1357033535
2	1357034131
2	1357034736
2	1357035340
2	1357035935
2	1357036538
2	1357037136
2	1357037734
2	1357038338
2	1357038935
2	1357039536
2	1357040139
2	1357040740
2	1357041339
2	1357041937
2	1357042538
2	1357043140
2	1357043737
2	1357044333
2	1357044937
2	1357045534
2	1357046139
2	1357046733
2	1357047339
2	1357047933
2	1357048537
2	1357049141
2	1357049736
2	1357050335
2	1357050935
2	1357051535
2	1357052139
2	1357052735
2	1357053341
2	1357053933
3	1357054541
2	1357055141
2	1357055736
2	1357056333
2	1357056937
2	1357057539
2	1357058139
2	1357058737
2	1357059342
2	1357059933
2	1357060536
2	1357061141
2	1357061734
2	1357062341
2	1357062935
2	1357063540
2	1357064137
2	1357064735
2	1357065341
2	1357065937
2	1357066533
2	1357067134
2	1357067734
2	1357068342
2	1357068941
3	1357069534
3	1357070142
3	1357070737
3	1357071337
3	1357071935
3	1357072541
3	1357073141
3	1357073736
3	1357074343
3	1357074939
4	1357075542
4	1357076141
4	1357076743
4	1357077335
4	1357077943
4	1357078542
5	1357079136
4	1357079739
3	1357080343
3	1357080943
3	1357081541
4	1357082136
4	1357082737
4	1357083344
3	1357083935
3	1357084543
3	1357085140
3	1357085742
3	1357086341
3	1357086943
4	1357087535
4	1357088142
4	1357088739
4	1357089336
4	1357089940
4	1357090538
3	1357091136
3	1357091736
3	1357092342
3	1357092936
3	1357093538
3	1357094139
3	1357094735
3	1357095335
4	1357095936
4	1357096539
4	1357097143
3	1357097744
3	1357098338
2	1357098936
3	1357099535
4	1357100142
5	1357100744
5	1357101343
4	1357101940
4	1357102540
4	1357103139
4	1357103736
4	1357104341
5	1357104935
4	1357105539
4	1357106140
3	1357106735
4	1357107341
3	1357107945
4	1357108545
3	1357109144
3	1357109744
3	1357110335
2	1357110942
2	1357111541
2	1357112138
2	1357112740
2	1357113336
2	1357113937
2	1357114544
2	1357115136
2	1357115739
2	1357116337
2	1357116938
2	1357117541
2	1357118138
2	1357118740
2	1357119338
2	1357119936
2	1357120541
2	1357121145
2	1357121743
2	1357122338
2	1357122943
2	1357123545
2	1357124138
2	1357124745
2	1357125343
2	1357125937
2	1357126545
2	1357127145
2	1357127744
2	1357128342
2	1357128943
2	1357129537
2	1357130138
2	1357130740
2	1357131343
2	1357131940
2	1357132537
2	1357133146
2	1357133745
2	1357134343
2	1357134941
2	1357135544
3	1357136142
3	1357136743
3	1357137343
3	1357137944
3	1357138544
3	1357139139
4	1357139744
4	1357140347
4	1357140945
4	1357141537
4	1357142145
4	1357142738
4	1357143344
4	1357143943
3	1357144541
3	1357145143
3	1357145744
4	1357146343
4	1357146945
4	1357147544
4	1357148142
4	1357148741
4	1357149345
4	1357149945
4	1357150544
5	1357151144
5	1357151740
5	1357152340
5	1357152945
5	1357153545
5	1357154145
6	1357154741
6	1357155342
6	1357155942
6	1357156539
7	1357157146
6	1357157745
6	1357158343
6	1357158942
5	1357159546
4	1357160142
4	1357160743
4	1357161340
4	1357161943
4	1357162546
5	1357163143
5	1357163743
5	1357164339
5	1357164945
5	1357165540
5	1357166145
5	1357166741
5	1357167346
4	1357167939
4	1357168547
4	1357169142
4	1357169746
4	1357170341
4	1357170939
4	1357171539
4	1357172146
4	1357172740
4	1357173342
4	1357173944
4	1357174543
4	1357175148
4	1357175748
4	1357176347
4	1357176944
3	1357177545
3	1357178147
3	1357178743
3	1357179339
3	1357179939
3	1357180547
3	1357181140
3	1357181740
3	1357182342
3	1357182949
3	1357183539
3	1357184144
3	1357184742
3	1357185343
3	1357185943
3	1357186543
3	1357187141
3	1357187744
3	1357188345
3	1357188949
3	1357189543
3	1357190147
3	1357190749
3	1357191345
3	1357191941
3	1357192543
3	1357193145
3	1357193749
3	1357194349
3	1357194949
3	1357195546
3	1357196141
3	1357196746
3	1357197340
3	1357197948
3	1357198542
3	1357199145
3	1357199740
3	1357200344
3	1357200949
3	1357201549
3	1357202144
3	1357202742
3	1357203350
3	1357203949
3	1357204545
3	1357205145
3	1357205741
3	1357206340
3	1357206945
3	1357207547
3	1357208141
3	1357208743
3	1357209346
3	1357209942
3	1357210550
3	1357211150
3	1357211743
3	1357212348
3	1357212941
3	1357213549
3	1357214143
3	1357214743
3	1357215348
3	1357215946
3	1357216551
3	1357217150
3	1357217745
3	1357218350
3	1357218942
3	1357219543
3	1357220145
3	1357220745
3	1357221342
3	1357221942
3	1357222547
3	1357223147
3	1357223741
3	1357224345
3	1357224947
3	1357225546
3	1357226149
3	1357226743
3	1357227349
3	1357227947
3	1357228543
3	1357229145
3	1357229745
3	1357230343
3	1357230950
3	1357231550
3	1357232145
3	1357232749
3	1357233352
3	1357233949
3	1357234550
3	1357235144
3	1357235747
3	1357236344
3	1357236947
3	1357237548
3	1357238147
4	1357238747
4	1357239349
4	1357239948
4	1357240552
4	1357241151
5	1357241751
5	1357242351
4	1357242948
4	1357243543
4	1357244152
4	1357244747
3	1357245344
3	1357245952
3	1357246548
3	1357247150
3	1357247744
3	1357248348
3	1357248950
3	1357249552
4	1357250144
4	1357250750
4	1357251345
4	1357251947
4	1357252545
4	1357253148
4	1357253744
4	1357254347
3	1357254953
3	1357255551
3	1357256147
3	1357256752
3	1357257347
4	1357257953
4	1357258544
3	1357259145
3	1357259745
3	1357260353
3	1357260944
3	1357261551
3	1357262153
3	1357262746
2	1357263344
2	1357263951
2	1357264550
3	1357265147
3	1357265746
3	1357266351
3	1357266948
3	1357267549
3	1357268146
3	1357268752
3	1357269345
3	1357269952
3	1357270545
4	1357271153
4	1357271751
4	1357272350
4	1357272948
4	1357273551
3	1357274149
3	1357274745
3	1357275353
3	1357275947
3	1357276552
3	1357277147
3	1357277745
3	1357278346
3	1357278952
3	1357279546
2	1357280149
2	1357280750
3	1357281345
3	1357281952
3	1357282553
3	1357283146
2	1357283752
2	1357284346
2	1357284950
2	1357285547
2	1357286154
2	1357286746
2	1357287346
2	1357287952
2	1357288546
2	1357289152
2	1357289754
2	1357290347
2	1357290951
2	1357291554
2	1357292153
2	1357292747
2	1357293345
2	1357293951
2	1357294553
2	1357295154
2	1357295754
2	1357296347
2	1357296952
2	1357297549
2	1357298147
2	1357298747
2	1357299353
2	1357299951
2	1357300551
2	1357301152
2	1357301753
2	1357302353
2	1357302948
2	1357303551
2	1357304151
2	1357304750
2	1357305353
2	1357305956
2	1357306555
2	1357307149
2	1357307747
2	1357308348
2	1357308950
2	1357309548
2	1357310155
2	1357310750
3	1357311353
3	1357311948
3	1357312549
3	1357313149
3	1357313754
3	1357314354
3	1357314951
3	1357315556
3	1357316153
3	1357316747
3	1357317351
3	1357317948
3	1357318552
3	1357319153
3	1357319749
3	1357320353
3	1357320947
3	1357321549
3	1357322153
3	1357322756
3	1357323354
3	1357323949
3	1357324555
3	1357325149
3	1357325748
3	1357326349
3	1357326956
3	1357327548
3	1357328153
3	1357328749
3	1357329350
2	1357329950
2	1357330555
2	1357331149
3	1357331750
3	1357332352
3	1357332952
2	1357333552
2	1357334153
2	1357334750
2	1357335348
2	1357335952
2	1357336548
2	1357337148
2	1357337749
2	1357338356
2	1357338954
2	1357339557
2	1357340157
2	1357340754
2	1357341355
2	1357341951
2	1357342550
2	1357343151
2	1357343752
2	1357344351
2	1357344956
2	1357345548
2	1357346155
2	1357346749
2	1357347349
2	1357347957
2	1357348549
2	1357349151
2	1357349749
2	1357350354
2	1357350952
2	1357351554
2	1357352157
2	1357352752
2	1357353356
2	1357353957
2	1357354549
2	1357355157
2	1357355757
2	1357356357
2	1357356953
2	1357357557
2	1357358150
2	1357358755
2	1357359351
2	1357359950
2	1357360559
2	1357361155
2	1357361754
2	1357362353
2	1357362958
2	1357363554
2	1357364154
2	1357364749
2	1357365355
2	1357365951
2	1357366553
2	1357367153
2	1357367755
2	1357368354
2	1357368951
2	1357369556
2	1357370153
2	1357370751
2	1357371355
2	1357371958
2	1357372555
2	1357373152
2	1357373751
2	1357374350
2	1357374955
2	1357375556
2	1357376152
2	1357376754
2	1357377354
2	1357377958
2	1357378556
2	1357379153
2	1357379758
2	1357380360
2	1357380957
2	1357381555
2	1357382152
2	1357382751
2	1357383350
2	1357383953
2	1357384556
2	1357385159
2	1357385751
2	1357386352
2	1357386960
2	1357387559
2	1357388157
2	1357388755
2	1357389351
2	1357389953
2	1357390556
2	1357391158
2	1357391756
2	1357392351
2	1357392958
2	1357393553
2	1357394153
2	1357394760
2	1357395354
2	1357395956
2	1357396560
2	1357397158
2	1357397751
2	1357398355
2	1357398958
2	1357399558
2	1357400159
2	1357400754
2	1357401358
2	1357401951
2	1357402556
2	1357403155
3	1357403757
3	1357404353
3	1357404959
3	1357405556
4	1357406154
3	1357406758
3	1357407360
3	1357407954
3	1357408560
3	1357409153
3	1357409757
3	1357410352
3	1357410959
3	1357411552
3	1357412155
3	1357412761
2	1357413353
2	1357413956
2	1357414554
2	1357415158
2	1357415760
2	1357416353
2	1357416959
2	1357417556
2	1357418160
2	1357418760
3	1357419353
2	1357419958
2	1357420554
2	1357421158
2	1357421758
2	1357422357
2	1357422953
2	1357423555
3	1357424153
3	1357424761
3	1357425360
3	1357425962
3	1357426557
3	1357427155
3	1357427757
4	1357428355
4	1357428958
4	1357429562
4	1357430155
4	1357430756
4	1357431359
4	1357431960
3	1357432555
3	1357433161
3	1357433760
3	1357434356
2	1357434960
2	1357435556
2	1357436156
2	1357436758
2	1357437362
2	1357437954
2	1357438561
2	1357439155
2	1357439762
2	1357440357
2	1357440960
2	1357441557
2	1357442159
2	1357442761
2	1357443362
2	1357443963
2	1357444554
2	1357445159
2	1357445756
2	1357446360
2	1357446956
2	1357447560
2	1357448156
2	1357448754
3	1357449363
3	1357449957
1	1357450554
1	1357451154
1	1357451755
1	1357452364
1	1357452957
1	1357453557
1	1357454161
1	1357454760
1	1357455364
1	1357455957
1	1357456559
1	1357457162
1	1357457759
1	1357458360
1	1357458964
1	1357459564
1	1357460160
1	1357460757
1	1357461356
1	1357461962
1	1357462561
1	1357463164
1	1357463761
1	1357464359
1	1357464960
1	1357465564
1	1357466158
1	1357466763
1	1357467360
1	1357467963
1	1357468561
1	1357469162
1	1357469760
1	1357470364
1	1357470961
1	1357471563
1	1357472157
1	1357472761
1	1357473364
1	1357473957
1	1357474558
1	1357475163
1	1357475761
1	1357476357
1	1357476959
1	1357477558
1	1357478156
1	1357478762
1	1357479357
1	1357479957
1	1357480558
1	1357481163
1	1357481757
1	1357482356
1	1357482963
1	1357483557
1	1357484156
1	1357484758
1	1357485358
1	1357485960
1	1357486562
1	1357487164
1	1357487757
1	1357488360
1	1357488963
1	1357489561
1	1357490158
1	1357490759
2	1357491360
2	1357491962
2	1357492564
2	1357493165
2	1357493763
2	1357494364
2	1357494963
2	1357495560
2	1357496163
2	1357496761
2	1357497360
2	1357497962
2	1357498562
2	1357499164
2	1357499765
2	1357500361
2	1357500966
2	1357501559
2	1357502166
2	1357502760
2	1357503366
2	1357503958
2	1357504566
3	1357505158
3	1357505763
3	1357506363
3	1357506959
3	1357507563
3	1357508165
3	1357508761
3	1357509361
3	1357509964
3	1357510561
3	1357511161
3	1357511763
3	1357512361
3	1357512957
3	1357513564
3	1357514160
2	1357514758
2	1357515358
2	1357515960
1	1357516565
1	1357517163
1	1357517765
1	1357518360
1	1357518961
1	1357519566
1	1357520162
1	1357520766
1	1357521362
1	1357521961
1	1357522562
1	1357523158
1	1357523767
1	1357524365
1	1357524960
1	1357525568
1	1357526159
1	1357526763
1	1357527367
1	1357527966
1	1357528564
1	1357529158
1	1357529760
1	1357530359
1	1357530965
1	1357531560
1	1357532168
1	1357532761
1	1357533362
1	1357533959
1	1357534564
1	1357535158
1	1357535767
1	1357536360
1	1357536960
1	1357537561
1	1357538163
1	1357538760
1	1357539361
1	1357539967
1	1357540562
1	1357541163
1	1357541766
1	1357542366
1	1357542964
1	1357543561
1	1357544159
1	1357544762
1	1357545365
1	1357545963
1	1357546569
1	1357547167
1	1357547759
1	1357548361
1	1357548968
1	1357549560
1	1357550165
1	1357550767
1	1357551364
1	1357551959
1	1357552562
1	1357553167
1	1357553765
1	1357554367
1	1357554968
1	1357555568
1	1357556164
1	1357556762
1	1357557364
1	1357557968
1	1357558560
1	1357559168
1	1357559762
1	1357560365
1	1357560965
1	1357561561
1	1357562167
1	1357562765
1	1357563360
1	1357563966
1	1357564567
1	1357565165
1	1357565769
1	1357566361
1	1357566965
2	1357567567
2	1357568169
2	1357568769
2	1357569366
2	1357569967
2	1357570567
2	1357571161
2	1357571761
2	1357572362
2	1357572962
2	1357573566
2	1357574160
2	1357574769
2	1357575361
2	1357575964
2	1357576569
2	1357577169
2	1357577762
2	1357578367
2	1357578961
2	1357579563
2	1357580168
2	1357580770
2	1357581370
2	1357581962
2	1357582563
2	1357583169
2	1357583766
2	1357584364
2	1357584962
2	1357585565
2	1357586167
2	1357586771
2	1357587364
2	1357587966
2	1357588567
2	1357589167
2	1357589764
2	1357590366
2	1357590963
2	1357591565
2	1357592170
2	1357592770
2	1357593367
2	1357593962
2	1357594569
2	1357595167
2	1357595762
2	1357596366
2	1357596965
2	1357597570
2	1357598168
2	1357598765
2	1357599371
2	1357599965
2	1357600570
2	1357601165
2	1357601769
2	1357602364
2	1357602966
2	1357603567
2	1357604164
2	1357604767
2	1357605362
2	1357605963
2	1357606566
2	1357607171
2	1357607772
2	1357608370
2	1357608965
2	1357609571
2	1357610171
2	1357610765
2	1357611362
2	1357611967
2	1357612567
2	1357613166
2	1357613771
2	1357614363
2	1357614965
2	1357615563
2	1357616164
2	1357616768
2	1357617366
2	1357617967
2	1357618564
2	1357619165
2	1357619768
2	1357620372
2	1357620966
2	1357621567
2	1357622172
2	1357622770
2	1357623368
2	1357623967
2	1357624573
2	1357625171
2	1357625771
2	1357626372
2	1357626965
2	1357627565
2	1357628164
2	1357628771
2	1357629371
2	1357629973
2	1357630572
2	1357631165
2	1357631769
2	1357632373
2	1357632972
2	1357633571
2	1357634164
2	1357634764
2	1357635371
2	1357635965
2	1357636569
2	1357637170
2	1357637764
2	1357638368
2	1357638964
2	1357639568
3	1357640169
3	1357640773
3	1357641370
3	1357641970
3	1357642565
3	1357643170
3	1357643767
3	1357644368
3	1357644971
3	1357645572
3	1357646173
3	1357646767
3	1357647367
3	1357647970
3	1357648572
3	1357649168
3	1357649771
3	1357650369
3	1357650970
3	1357651566
3	1357652172
3	1357652771
3	1357653371
3	1357653968
3	1357654574
3	1357655173
4	1357655773
4	1357656372
4	1357656972
4	1357657569
5	1357658167
5	1357658766
5	1357659373
5	1357659967
5	1357660572
5	1357661171
5	1357661768
5	1357662369
5	1357662967
5	1357663567
5	1357664166
5	1357664767
5	1357665373
5	1357665971
5	1357666572
5	1357667173
5	1357667771
5	1357668369
5	1357668973
5	1357669573
5	1357670174
5	1357670768
5	1357671371
3	1357671972
3	1357672574
3	1357673175
3	1357673773
3	1357674366
4	1357674975
4	1357675568
4	1357676176
5	1357676767
4	1357677366
4	1357677969
4	1357678573
4	1357679172
4	1357679774
4	1357680369
4	1357680968
4	1357681573
4	1357682168
6	1357682772
5	1357683367
5	1357683967
5	1357684570
5	1357685170
5	1357685772
5	1357686373
5	1357686969
